  -10.00     2.45     0.50 
   -9.65     3.32     0.50 
   -9.30     3.10     0.50 
   -8.95     3.90     0.50 
   -8.60     2.92     0.50 
   -8.25     3.28     0.50 
   -7.90     3.83     0.50 
   -7.55     5.09     0.50 
   -7.20     5.29     0.50 
   -6.85     6.11     0.50 
   -6.50     7.01     0.50 
   -6.15     7.88     0.50 
   -5.80     9.31     0.50 
   -5.45     9.94     0.50 
   -5.10    11.05     0.50 
   -4.75    11.94     0.50 
   -4.40    13.06     0.50 
   -4.05    13.85     0.50 
   -3.70    13.99     0.50 
   -3.35    15.40     0.50 
   -3.00    16.62     0.50 
   -2.65    18.14     0.50 
   -2.30    16.87     0.50 
   -1.95    17.11     0.50 
   -1.60    18.21     0.50 
   -1.25    17.88     0.50 
   -0.90    19.80     0.50 
   -0.55    20.57     0.50 
   -0.20    24.13     0.50 
    0.15    26.95     0.50 
    0.50    29.90     0.50 
    0.85    31.84     0.50 
    1.20    29.79     0.50 
    1.55    26.76     0.50 
    1.90    21.63     0.50 
    2.25    16.70     0.50 
    2.60    13.26     0.50 
    2.95     8.32     0.50 
    3.30     6.32     0.50 
    3.65     4.98     0.50 
    4.00     4.39     0.50 
    4.35     3.25     0.50 
    4.70     3.51     0.50 
    5.05     2.70     0.50 
    5.40     3.26     0.50 
    5.75     3.09     0.50 
    6.10     2.46     0.50 
    6.45     2.23     0.50 
    6.80     0.86     0.50 
    7.15     1.93     0.50 
    7.50     2.42     0.50 
    7.85     1.75     0.50 
    8.20     2.35     0.50 
    8.55     1.38     0.50 
    8.90     2.07     0.50 
    9.25     2.35     0.50 
    9.60     1.57     0.50 
    9.95     2.23     0.50 
