0.5154618909943122 6.634653592197811 0.10259521768851135
1.0531744603359443 4.195114094282534 0.21778156744350638
1.5663264956639507 2.511484680998028 0.043547025927010284
2.0458973515870955 1.3368712203471484 0.017125311666947408
2.586305045327354 0.48391929422118196 0.09498565842642678
3.0352974089768052 0.4549603698661773 0.040867544448158946
3.539430162564776 0.5741174194928149 0.1452673533130063
4.033771980565705 1.2690585667971845 0.1435776899513206
4.521913814160544 2.761726997307588 0.19930336380190392
5.084004243596848 4.758839608742157 0.06853931091797782
5.5559180028701 6.94807238283342 0.17665872868799254
6.070775857742805 9.876661113482456 0.16324093320127703
6.527758545738362 12.656329525651001 0.32221578230757986
7.034209201435729 16.515022770038073 0.28092653949725144
7.5500839568167075 21.101569310184182 0.38186911184507144
8.046760954628056 25.880623719824666 0.3926842673926421
8.527664836715523 30.866186936377726 0.4825031120297344
9.058907248851426 37.18410024444492 0.4994371703137929
9.593875029049826 43.760878271025135 0.6226586831942156
10.009560620365056 49.438271826211555 0.6285738022360381
10.532705501775265 57.050942176274475 0.62934203354407
11.016005669732653 64.51495357200655 0.699406854997582
11.54140042648031 73.17642350932249 0.775802162562944
12.000838422148547 81.25241368045862 0.8511478879298374
12.575613989975546 92.04887480762007 0.9364481737979378
13.065883100714437 101.80418886383615 1.098749560690316
13.542117254593961 111.52674505819297 1.1940363953110853
14.074052916624638 123.12666638153564 1.2658537633521039
14.50812051630542 132.78540275901838 1.4094875590767273
15.008587756516539 144.6042170506478 1.622959473241218
15.502493247160913 156.54646443069848 1.7297843284460308
16.025738137055047 170.08458086955724 1.890076602532583
16.56224929505113 184.39824752603903 1.9977920222043588
17.034081463549107 197.18113171423914 2.109306821638546
17.59246331403664 213.32724437757165 2.2331190439575748
18.07862492115279 227.65085499326938 2.3984468132312036
18.55699716153677 242.3029025072437 2.480576942524814
19.053900829620755 258.05326409903347 2.7639487237610725
19.512028366727666 273.103843263602 2.7454155694689684
20.019112354343928 289.9611097619889 3.084849552165109
20.50530486021823 306.81308469964824 3.2284588165129495
21.017983102235842 324.91456665984583 3.3486337662129504
21.554054708417674 344.4850353884106 3.6166695230590276
22.06821543286677 363.87627987477566 3.806627177489939
22.56489325663058 383.2727924798417 4.010741392559797
23.052964944227085 402.47935382735534 4.175779436843032
23.577355401755664 423.89122841763475 4.415043157680892
24.077019130258773 444.55995089158137 4.564930325846366
24.529420675142347 463.8738637664667 4.7109146988273745
25.053473954744028 486.57216373484255 4.9359448492605615
